  1   0   0   0   0   0   0   0   0   0   0   0   0   0   0   0   0   0   0   0   0   0   0   0   0   0   0   0   0   0   0   0   0   0   0   0   0   0   0   0   0   0   0   0   0   0   0   0   0   0   0   0   0   0   0   0   0   0   0   0   0   0   0   0 
  0   0   0   0   0   0   0   0   0   1   0   0   0   0   0   0   0   0   0   0   0   0   0   0   0   0   0   0   0   0   0   0   0   0   0   0   0   0   0   0   0   0   0   0   0   0   0   0   0   0   0   0   0   0   0   0   0   0   0   0   0   0   0   0 
 -3   3   0   0   0   0   0   0   0  -2  -1   0   0   0   0   0   0   0   0   0   0   0   0   0   0   0   0   0   0   0   0   0   0   0   0   0   0   0   0   0   0   0   0   0   0   0   0   0   0   0   0   0   0   0   0   0   0   0   0   0   0   0   0   0 
  2  -2   0   0   0   0   0   0   0   1   1   0   0   0   0   0   0   0   0   0   0   0   0   0   0   0   0   0   0   0   0   0   0   0   0   0   0   0   0   0   0   0   0   0   0   0   0   0   0   0   0   0   0   0   0   0   0   0   0   0   0   0   0   0 
  0   0   0   0   0   0   0   0   0   0   0   0   0   0   0   0   0   0   1   0   0   0   0   0   0   0   0   0   0   0   0   0   0   0   0   0   0   0   0   0   0   0   0   0   0   0   0   0   0   0   0   0   0   0   0   0   0   0   0   0   0   0   0   0 
  0   0   0   0   0   0   0   0   0   0   0   0   0   0   0   0   0   0   0   0   0   0   0   0   0   0   0   0   0   0   0   0   0   0   0   0   1   0   0   0   0   0   0   0   0   0   0   0   0   0   0   0   0   0   0   0   0   0   0   0   0   0   0   0 
  0   0   0   0   0   0   0   0   0   0   0   0   0   0   0   0   0   0  -3   3   0   0   0   0   0   0   0   0   0   0   0   0   0   0   0   0  -2  -1   0   0   0   0   0   0   0   0   0   0   0   0   0   0   0   0   0   0   0   0   0   0   0   0   0   0 
  0   0   0   0   0   0   0   0   0   0   0   0   0   0   0   0   0   0   2  -2   0   0   0   0   0   0   0   0   0   0   0   0   0   0   0   0   1   1   0   0   0   0   0   0   0   0   0   0   0   0   0   0   0   0   0   0   0   0   0   0   0   0   0   0 
 -3   0   3   0   0   0   0   0   0   0   0   0   0   0   0   0   0   0  -2   0  -1   0   0   0   0   0   0   0   0   0   0   0   0   0   0   0   0   0   0   0   0   0   0   0   0   0   0   0   0   0   0   0   0   0   0   0   0   0   0   0   0   0   0   0 
  0   0   0   0   0   0   0   0   0  -3   0   3   0   0   0   0   0   0   0   0   0   0   0   0   0   0   0   0   0   0   0   0   0   0   0   0  -2   0  -1   0   0   0   0   0   0   0   0   0   0   0   0   0   0   0   0   0   0   0   0   0   0   0   0   0 
  9  -9  -9   9   0   0   0   0   0   6   3  -6  -3   0   0   0   0   0   6  -6   3  -3   0   0   0   0   0   0   0   0   0   0   0   0   0   0   4   2   2   1   0   0   0   0   0   0   0   0   0   0   0   0   0   0   0   0   0   0   0   0   0   0   0   0 
 -6   6   6  -6   0   0   0   0   0  -3  -3   3   3   0   0   0   0   0  -4   4  -2   2   0   0   0   0   0   0   0   0   0   0   0   0   0   0  -2  -2  -1  -1   0   0   0   0   0   0   0   0   0   0   0   0   0   0   0   0   0   0   0   0   0   0   0   0 
  2   0  -2   0   0   0   0   0   0   0   0   0   0   0   0   0   0   0   1   0   1   0   0   0   0   0   0   0   0   0   0   0   0   0   0   0   0   0   0   0   0   0   0   0   0   0   0   0   0   0   0   0   0   0   0   0   0   0   0   0   0   0   0   0 
  0   0   0   0   0   0   0   0   0   2   0  -2   0   0   0   0   0   0   0   0   0   0   0   0   0   0   0   0   0   0   0   0   0   0   0   0   1   0   1   0   0   0   0   0   0   0   0   0   0   0   0   0   0   0   0   0   0   0   0   0   0   0   0   0 
 -6   6   6  -6   0   0   0   0   0  -4  -2   4   2   0   0   0   0   0  -3   3  -3   3   0   0   0   0   0   0   0   0   0   0   0   0   0   0  -2  -1  -2  -1   0   0   0   0   0   0   0   0   0   0   0   0   0   0   0   0   0   0   0   0   0   0   0   0 
  4  -4  -4   4   0   0   0   0   0   2   2  -2  -2   0   0   0   0   0   2  -2   2  -2   0   0   0   0   0   0   0   0   0   0   0   0   0   0   1   1   1   1   0   0   0   0   0   0   0   0   0   0   0   0   0   0   0   0   0   0   0   0   0   0   0   0 
  0   0   0   0   0   0   0   0   0   0   0   0   0   0   0   0   0   0   0   0   0   0   0   0   0   0   0   1   0   0   0   0   0   0   0   0   0   0   0   0   0   0   0   0   0   0   0   0   0   0   0   0   0   0   0   0   0   0   0   0   0   0   0   0 
  0   0   0   0   0   0   0   0   0   0   0   0   0   0   0   0   0   0   0   0   0   0   0   0   0   0   0   0   0   0   0   0   0   0   0   0   0   0   0   0   0   0   0   0   0   1   0   0   0   0   0   0   0   0   0   0   0   0   0   0   0   0   0   0 
  0   0   0   0   0   0   0   0   0   0   0   0   0   0   0   0   0   0   0   0   0   0   0   0   0   0   0  -3   3   0   0   0   0   0   0   0   0   0   0   0   0   0   0   0   0  -2  -1   0   0   0   0   0   0   0   0   0   0   0   0   0   0   0   0   0 
  0   0   0   0   0   0   0   0   0   0   0   0   0   0   0   0   0   0   0   0   0   0   0   0   0   0   0   2  -2   0   0   0   0   0   0   0   0   0   0   0   0   0   0   0   0   1   1   0   0   0   0   0   0   0   0   0   0   0   0   0   0   0   0   0 
  0   0   0   0   0   0   0   0   0   0   0   0   0   0   0   0   0   0   0   0   0   0   0   0   0   0   0   0   0   0   0   0   0   0   0   0   0   0   0   0   0   0   0   0   0   0   0   0   0   0   0   0   0   0   1   0   0   0   0   0   0   0   0   0 
-125  25  25  -5  25  -5  -5   1  64 -25   0   5   0   5   0  -1   0 -32 -25   5   0   0   5  -1   0   0 -32 -25   5   5  -1   0   0   0   0 -32  -5   0   0   0   1   0   0   0  16  -5   0   1   0   0   0   0   0  16  -5   1   0   0   0   0   0   0  16  -8 
275 -175 -55  35 -55  35  11  -7 -64  50  25 -10  -5 -10  -5   2   1  96  55 -35   0   0 -11   7   0   0  32  55 -35 -11   7   0   0   0   0  32  10   5   0   0  -2  -1   0   0 -48  10   5  -2  -1   0   0   0   0 -48   8  -4   0   0   0   0   0   0 -16  24 
-150 150  30 -30  30 -30  -6   6   0 -25 -25   5   5   5   5  -1  -1 -64 -30  30   0   0   6  -6   0   0   0 -30  30   6  -6   0   0   0   0   0  -5  -5   0   0   1   1   0   0  32  -5  -5   1   1   0   0   0   0  32  -4   4   0   0   0   0   0   0   0 -16 
  0   0   0   0   0   0   0   0   0   0   0   0   0   0   0   0   0   0   0   0   0   0   0   0   0   0   0  -3   0   3   0   0   0   0   0   0   0   0   0   0   0   0   0   0   0   0   0   0   0   0   0   0   0   0  -2   0  -1   0   0   0   0   0   0   0 
275 -55 -175  35 -55  11  35  -7 -64  55   0 -35   0 -11   0   7   0  32  50 -10  25  -5 -10   2  -5   1  96  55 -11 -35   7   0   0   0   0  32  10   0   5   0  -2   0  -1   0 -48   8   0  -4   0   0   0   0   0 -16  10  -2   5  -1   0   0   0   0 -48  24 
-605 385 385 -245 121 -77 -77  49  64 -110 -55  70  35  22  11 -14  -7 -96 -110  70 -55  35  22 -14  11  -7 -96 -112  68  68 -40   0   0   0   0 -32 -20 -10 -10  -5   4   2   2   1 144 -16  -8   8   4   0   0   0   0  48 -16   8  -8   4   0   0   0   0  48 -72 
330 -330 -210 210 -66  66  42 -42   0  55  55 -35 -35 -11 -11   7   7  64  60 -60  30 -30 -12  12  -6   6   0  60 -60 -36  36   0   0   0   0   0  10  10   5   5  -2  -2  -1  -1 -96   8   8  -4  -4   0   0   0   0 -32   8  -8   4  -4   0   0   0   0   0  48 
  0   0   0   0   0   0   0   0   0   0   0   0   0   0   0   0   0   0   0   0   0   0   0   0   0   0   0   2   0  -2   0   0   0   0   0   0   0   0   0   0   0   0   0   0   0   0   0   0   0   0   0   0   0   0   1   0   1   0   0   0   0   0   0   0 
-150  30 150 -30  30  -6 -30   6   0 -30   0  30   0   6   0  -6   0   0 -25   5 -25   5   5  -1   5  -1 -64 -30   6  30  -6   0   0   0   0   0  -5   0  -5   0   1   0   1   0  32  -4   0   4   0   0   0   0   0   0  -5   1  -5   1   0   0   0   0  32 -16 
330 -210 -330 210 -66  42  66 -42   0  60  30 -60 -30 -12  -6  12   6   0  55 -35  55 -35 -11   7 -11   7  64  60 -36 -60  36   0   0   0   0   0  10   5  10   5  -2  -1  -2  -1 -96   8   4  -8  -4   0   0   0   0   0   8  -4   8  -4   0   0   0   0 -32  48 
-180 180 180 -180  36 -36 -36  36   0 -30 -30  30  30   6   6  -6  -6   0 -30  30 -30  30   6  -6   6  -6   0 -32  32  32 -32   0   0   0   0   0  -5  -5  -5  -5   1   1   1   1  64  -4  -4   4   4   0   0   0   0   0  -4   4  -4   4   0   0   0   0   0 -32 
 -3   0   0   0   3   0   0   0   0   0   0   0   0   0   0   0   0   0   0   0   0   0   0   0   0   0   0  -2   0   0   0  -1   0   0   0   0   0   0   0   0   0   0   0   0   0   0   0   0   0   0   0   0   0   0   0   0   0   0   0   0   0   0   0   0 
  0   0   0   0   0   0   0   0   0  -3   0   0   0   3   0   0   0   0   0   0   0   0   0   0   0   0   0   0   0   0   0   0   0   0   0   0   0   0   0   0   0   0   0   0   0  -2   0   0   0  -1   0   0   0   0   0   0   0   0   0   0   0   0   0   0 
  9  -9   0   0  -9   9   0   0   0   6   3   0   0  -6  -3   0   0   0   0   0   0   0   0   0   0   0   0   6  -6   0   0   3  -3   0   0   0   0   0   0   0   0   0   0   0   0   4   2   0   0   2   1   0   0   0   0   0   0   0   0   0   0   0   0   0 
 -6   6   0   0   6  -6   0   0   0  -3  -3   0   0   3   3   0   0   0   0   0   0   0   0   0   0   0   0  -4   4   0   0  -2   2   0   0   0   0   0   0   0   0   0   0   0   0  -2  -2   0   0  -1  -1   0   0   0   0   0   0   0   0   0   0   0   0   0 
  0   0   0   0   0   0   0   0   0   0   0   0   0   0   0   0   0   0  -3   0   0   0   3   0   0   0   0   0   0   0   0   0   0   0   0   0   0   0   0   0   0   0   0   0   0   0   0   0   0   0   0   0   0   0  -2   0   0   0  -1   0   0   0   0   0 
275 -55 -55  11 -175  35  35  -7 -64  55   0 -11   0 -35   0   7   0  32  55 -11   0   0 -35   7   0   0  32  50 -10 -10   2  25  -5  -5   1  96   8   0   0   0  -4   0   0   0 -16  10   0  -2   0   5   0  -1   0 -48  10  -2   0   0   5  -1   0   0 -48  24 
-605 385 121 -77 385 -245 -77  49  64 -110 -55  22  11  70  35 -14  -7 -96 -112  68   0   0  68 -40   0   0 -32 -110  70  22 -14 -55  35  11  -7 -96 -16  -8   0   0   8   4   0   0  48 -20 -10   4   2 -10  -5   2   1 144 -16   8   0   0  -8   4   0   0  48 -72 
330 -330 -66  66 -210 210  42 -42   0  55  55 -11 -11 -35 -35   7   7  64  60 -60   0   0 -36  36   0   0   0  60 -60 -12  12  30 -30  -6   6   0   8   8   0   0  -4  -4   0   0 -32  10  10  -2  -2   5   5  -1  -1 -96   8  -8   0   0   4  -4   0   0   0  48 
  9   0  -9   0  -9   0   9   0   0   0   0   0   0   0   0   0   0   0   6   0   3   0  -6   0  -3   0   0   6   0  -6   0   3   0  -3   0   0   0   0   0   0   0   0   0   0   0   0   0   0   0   0   0   0   0   0   4   0   2   0   2   0   1   0   0   0 
-605 121 385 -77 385 -77 -245  49  64 -112   0  68   0  68   0 -40   0 -32 -110  22 -55  11  70 -14  35  -7 -96 -110  22  70 -14 -55  11  35  -7 -96 -16   0  -8   0   8   0   4   0  48 -16   0   8   0  -8   0   4   0  48 -20   4 -10   2 -10   2  -5   1 144 -72 
1304 -820 -820 512 -820 512 512 -316 -64 224 112 -136 -68 -136 -68  80  40  96 224 -136 112 -68 -136  80 -68  40  96 224 -136 -136  80 112 -68 -68  40  96  32  16  16   8 -16  -8  -8  -4 -144  32  16 -16  -8  16   8  -8  -4 -144  32 -16  16  -8  16  -8   8  -4 -144 216 
-708 708 444 -444 444 -444 -276 276   0 -112 -112  68  68  68  68 -40 -40 -64 -120 120 -60  60  72 -72  36 -36   0 -120 120  72 -72 -60  60  36 -36   0 -16 -16  -8  -8   8   8   4   4  96 -16 -16   8   8  -8  -8   4   4  96 -16  16  -8   8  -8   8  -4   4   0 -144 
 -6   0   6   0   6   0  -6   0   0   0   0   0   0   0   0   0   0   0  -3   0  -3   0   3   0   3   0   0  -4   0   4   0  -2   0   2   0   0   0   0   0   0   0   0   0   0   0   0   0   0   0   0   0   0   0   0  -2   0  -2   0  -1   0  -1   0   0   0 
330 -66 -330  66 -210  42 210 -42   0  60   0 -60   0 -36   0  36   0   0  55 -11  55 -11 -35   7 -35   7  64  60 -12 -60  12  30  -6 -30   6   0   8   0   8   0  -4   0  -4   0 -32   8   0  -8   0   4   0  -4   0   0  10  -2  10  -2   5  -1   5  -1 -96  48 
-708 444 708 -444 444 -276 -444 276   0 -120 -60 120  60  72  36 -72 -36   0 -112  68 -112  68  68 -40  68 -40 -64 -120  72 120 -72 -60  36  60 -36   0 -16  -8 -16  -8   8   4   8   4  96 -16  -8  16   8  -8  -4   8   4   0 -16   8 -16   8  -8   4  -8   4  96 -144 
384 -384 -384 384 -240 240 240 -240   0  60  60 -60 -60 -36 -36  36  36   0  60 -60  60 -60 -36  36 -36  36   0  64 -64 -64  64  32 -32 -32  32   0   8   8   8   8  -4  -4  -4  -4 -64   8   8  -8  -8   4   4  -4  -4   0   8  -8   8  -8   4  -4   4  -4   0  96 
  2   0   0   0  -2   0   0   0   0   0   0   0   0   0   0   0   0   0   0   0   0   0   0   0   0   0   0   1   0   0   0   1   0   0   0   0   0   0   0   0   0   0   0   0   0   0   0   0   0   0   0   0   0   0   0   0   0   0   0   0   0   0   0   0 
  0   0   0   0   0   0   0   0   0   2   0   0   0  -2   0   0   0   0   0   0   0   0   0   0   0   0   0   0   0   0   0   0   0   0   0   0   0   0   0   0   0   0   0   0   0   1   0   0   0   1   0   0   0   0   0   0   0   0   0   0   0   0   0   0 
 -6   6   0   0   6  -6   0   0   0  -4  -2   0   0   4   2   0   0   0   0   0   0   0   0   0   0   0   0  -3   3   0   0  -3   3   0   0   0   0   0   0   0   0   0   0   0   0  -2  -1   0   0  -2  -1   0   0   0   0   0   0   0   0   0   0   0   0   0 
  4  -4   0   0  -4   4   0   0   0   2   2   0   0  -2  -2   0   0   0   0   0   0   0   0   0   0   0   0   2  -2   0   0   2  -2   0   0   0   0   0   0   0   0   0   0   0   0   1   1   0   0   1   1   0   0   0   0   0   0   0   0   0   0   0   0   0 
  0   0   0   0   0   0   0   0   0   0   0   0   0   0   0   0   0   0   2   0   0   0  -2   0   0   0   0   0   0   0   0   0   0   0   0   0   0   0   0   0   0   0   0   0   0   0   0   0   0   0   0   0   0   0   1   0   0   0   1   0   0   0   0   0 
-150  30  30  -6 150 -30 -30   6   0 -30   0   6   0  30   0  -6   0   0 -30   6   0   0  30  -6   0   0   0 -25   5   5  -1 -25   5   5  -1 -64  -4   0   0   0   4   0   0   0   0  -5   0   1   0  -5   0   1   0  32  -5   1   0   0  -5   1   0   0  32 -16 
330 -210 -66  42 -330 210  66 -42   0  60  30 -12  -6 -60 -30  12   6   0  60 -36   0   0 -60  36   0   0   0  55 -35 -11   7  55 -35 -11   7  64   8   4   0   0  -8  -4   0   0   0  10   5  -2  -1  10   5  -2  -1 -96   8  -4   0   0   8  -4   0   0 -32  48 
-180 180  36 -36 180 -180 -36  36   0 -30 -30   6   6  30  30  -6  -6   0 -32  32   0   0  32 -32   0   0   0 -30  30   6  -6 -30  30   6  -6   0  -4  -4   0   0   4   4   0   0   0  -5  -5   1   1  -5  -5   1   1  64  -4   4   0   0  -4   4   0   0   0 -32 
 -6   0   6   0   6   0  -6   0   0   0   0   0   0   0   0   0   0   0  -4   0  -2   0   4   0   2   0   0  -3   0   3   0  -3   0   3   0   0   0   0   0   0   0   0   0   0   0   0   0   0   0   0   0   0   0   0  -2   0  -1   0  -2   0  -1   0   0   0 
330 -66 -210  42 -330  66 210 -42   0  60   0 -36   0 -60   0  36   0   0  60 -12  30  -6 -60  12 -30   6   0  55 -11 -35   7  55 -11 -35   7  64   8   0   4   0  -8   0  -4   0   0   8   0  -4   0   8   0  -4   0 -32  10  -2   5  -1  10  -2   5  -1 -96  48 
-708 444 444 -276 708 -444 -444 276   0 -120 -60  72  36 120  60 -72 -36   0 -120  72 -60  36 120 -72  60 -36   0 -112  68  68 -40 -112  68  68 -40 -64 -16  -8  -8  -4  16   8   8   4   0 -16  -8   8   4 -16  -8   8   4  96 -16   8  -8   4 -16   8  -8   4  96 -144 
384 -384 -240 240 -384 384 240 -240   0  60  60 -36 -36 -60 -60  36  36   0  64 -64  32 -32 -64  64 -32  32   0  60 -60 -36  36  60 -60 -36  36   0   8   8   4   4  -8  -8  -4  -4   0   8   8  -4  -4   8   8  -4  -4 -64   8  -8   4  -4   8  -8   4  -4   0  96 
  4   0  -4   0  -4   0   4   0   0   0   0   0   0   0   0   0   0   0   2   0   2   0  -2   0  -2   0   0   2   0  -2   0   2   0  -2   0   0   0   0   0   0   0   0   0   0   0   0   0   0   0   0   0   0   0   0   1   0   1   0   1   0   1   0   0   0 
-180  36 180 -36 180 -36 -180  36   0 -32   0  32   0  32   0 -32   0   0 -30   6 -30   6  30  -6  30  -6   0 -30   6  30  -6 -30   6  30  -6   0  -4   0  -4   0   4   0   4   0   0  -4   0   4   0  -4   0   4   0   0  -5   1  -5   1  -5   1  -5   1  64 -32 
384 -240 -384 240 -384 240 384 -240   0  64  32 -64 -32 -64 -32  64  32   0  60 -36  60 -36 -60  36 -60  36   0  60 -36 -60  36  60 -36 -60  36   0   8   4   8   4  -8  -4  -8  -4   0   8   4  -8  -4   8   4  -8  -4   0   8  -4   8  -4   8  -4   8  -4 -64  96 
-208 208 208 -208 208 -208 -208 208   0 -32 -32  32  32  32  32 -32 -32   0 -32  32 -32  32  32 -32  32 -32   0 -32  32  32 -32 -32  32  32 -32   0  -4  -4  -4  -4   4   4   4   4   0  -4  -4   4   4  -4  -4   4   4   0  -4   4  -4   4  -4   4  -4   4   0 -64 
